6.17177486843533
6.28191653781467
6.43755818684896
6.62385816786024
6.67526652018229
6.7037998453776
6.81843315972222
6.92251654730903
7.00948316786024
7.02977484809028
7.07558315700955
7.18341654459635
7.20323316786024
7.22986646864149
7.32474982367622
7.3642581515842
7.44680820041233
7.45737487792969
7.46470818413628
7.4742832438151
7.48298319498698
7.48548319498698
7.57684156629774
7.59021653917101
7.59828321668837
7.60059156629774
7.65399149576823
7.6922415500217
7.71975823296441
7.72700812445747
7.74714145236545
7.7612831624349
7.80374152289497
7.89073316786024
7.90329989963108
7.91348314073351
7.92097486707899
7.92257480197483
8.02211649576823
8.03634989420573
8.04615810818142
8.0573915608724
8.1250331624349
8.14251647949219
8.15544155544705
8.16979146321615
8.17133321126302
8.17270812988281
8.18375820583767
8.1939498562283
8.2476914469401
8.25899976942274
8.26045810275608
8.28983310275608
8.30258321126302
8.32191643608941
8.33264153374566
8.4072080485026
8.43628302680122
8.44520826551649
8.45164978027344
8.45327494303385
