11,0627499983046,11
11,0679083336724,11
11,0731499989827,11
11,0833083343506,11,0299997329712
11,0568916659885,11
11,0613249969482,11
11,0670750003391,11
11,0749083285862,11
11,0965749952528,11
11,0987083350288,11
11,1040999942356,11
11,1071333312988,11,0299997329712
11,111841668023,11
11,1171416642931,11
11,1247666676839,11
11,1289666663276,11
11,1387250010173,11,0299997329712
11,1445583258735,11,0500001907349
11,1489999898275,11
11,1511333380805,11
11,1532749938965,11,0299997329712
11,1553916592068,11,0200004577637
11,1634916687012,11
11,1731499905056,11,0299997329712
11,1848333231608,11,0299997329712
11,1870166693793,11,1199998813205
11,1891500006782,11,0200004577637
11,192733323839,11,0500001907349
11,2175916544596,11,1199998813205
11,2285749986437,11,0699996948242
11,2672166612413,11,2200002712674
11,2818916659885,11,1199998813205
11,286641676161,11,0799999237061
11,3021999782986,11,2299995422363
11,3288916693793,11,1999998135037
11,3478749932183,11,1199998813205
11,3621499972873,11,2799997287326
11,3830999755859,11,1999998135037
11,4122666422526,11,3000002034505
11,4203166707357,11,2700004577637
11,4664916653103,11,3000002034505
11,4763749864366,11,0799999237061
11,5160166422526,11,3299999321832
11,5198333062066,11,4499997965495
11,5587666490343,11,1499996270074
11,5662249755859,11,4799995252821
11,5998166232639,11,5200004747179
11,6125416395399,11,1999998135037
11,6306333414714,11,5699997287326
11,6655416531033,11,3000002034505
11,667699991862,11,6199998643663
11,6887583414714,11
11,7000332980686,11,6199998643663
11,7203666178385,11,4700002712674
11,723524983724,11,649999593099
11,7344249810113,11,6199998643663
11,7488416205512,11
11,7725583224826,11,6700000678168
11,78466668023,11
11,7868666585286,11,6999997965495
11,8064166259766,11,7200002712674
11,8175499810113,11
11,819641655816,11,6999997965495
11,843258327908,11,75
11,8547250027127,11,6999997965495
11,8630333116319,11,75
11,885425008138,11
11,8938250054253,11,7200002712674
11,8968416341146,11,850000406901
11,8990333387587,11,850000406901
11,9300583224826,11,8699998643663
11,9323999701606,11,75
11,9728249782986,11,5
11,9750249565972,11,9200000678168
12,0035582817925,11,899999593099
12,0069166395399,11,9300002712674
12,0090749782986,11,6700000678168
12,0379083251953,11,5
12,0400332980686,11,9499997965495
12,0421749538845,11,9300002712674
12,0564749484592,11,0799999237061
12,0707749430339,11,9799995252821
12,0729332817925,11,9799995252821
12,0771999782986,12
12,1006833224826,11,9799995252821
12,1088666449653,12
12,1314832899306,12,0699997287326
12,1388250054253,11,8000002034505
12,1448333062066,12,0699997287326
12,1775665961372,11,5799999321832
12,1800916883681,12,0799999321832
12,2024583604601,12
12,2115999348958,12,0799999321832
12,2138165961372,12,100000406901
12,2218416341146,12,0799999321832
12,2526832411024,12,1800002712674
12,3311249457465,12,2799997287326
12,3873083496094,12,1199998643663
12,3894500054253,12,1999998643663
12,3916666666667,12,229999593099
12,4007166883681,12,350000406901
12,407100016276,12,25
12,4379999457465,12,3000001356337
12,4496666124132,12,3699998643663
12,4710583496094,12,3299998643663
12,4909332953559,12,399999593099
12,5753915744358,12,3699998643663
12,6095416937934,12,2200002712674
12,6117165798611,12,3800001356337
12,6138916015625,12,399999593099
12,6161416286892,12,5299997287326
12,6621583387587,12,100000406901
12,6924499511719,12,5500001356337
12,6958832465278,11,75
12,7225249565972,11,75
12,7464166937934,12,6199998643663
12,7485583496094,11,7200002712674
12,7512999131944,12,5699997287326
12,7549749077691,11,1300001186795
12,7881915961372,12,399999593099
12,8297082519531,12,600000406901
12,9242833116319,12,399999593099
12,9263666449653,12,6199998643663
12,9288916015625,12,649999593099
12,931024983724,12,6300001356337
12,9330999077691,11,7200002712674
12,9349582248264,12,6700001356337
12,9365749782986,12,149999593099
12,9414249674479,12,6700001356337
12,9434749348958,12,6800002712674
12,9528332519531,12,399999593099
12,9573999023438,12,479999593099
13,0100249565972,12,5500001356337
13,036649983724,12,600000406901
13,0387249077691,12,6800002712674
13,0407082790799,12,5699997287326
13,0427499728733,12,6700001356337
13,0462749565972,12,850000406901
13,1151166449653,12,6999998643663
13,2856000434028,12,6999998643663
13,3332416449653,13,0799998643663
13,5848250325521,12,899999593099
13,5869498697917,12,399999593099
14,0692917209201,13,3000002712674
