6.15713329950968,6.03333330154419
6.16869996176826,6.03333330154419
6.18520830154419,6.03333330154419
6.20156246821086,6.03333330154419
6.66899302376641,6.48333309809367
6.69583330154419,6.53333330154419
6.18260413487752,6.03333330154419
6.1844444126553,6.03333330154419
6.22486107932197,6.03333330154419
6.23121524598863,6.03333330154419
6.62298607932197,6.48333309809367
6.71996524598863,6.53333330154419
6.39562496821086,6.03333330154419
6.21795829137166,6.03333330154419
6.18798607932197,6.03333330154419
6.32684024598863,6.15000009536743
6.37701385709974,6.03333330154419
6.6450694126553,6.48333309809367
6.32116662131415,6.15000009536743
6.47313883675469,6.28333330154419
6.17974996142917,6.03333330154419
6.33938883675469,6.15000009536743
6.12545829984877,6.03333330154419
6.29589996549818,6.15000009536743
6.23714579476251,6.03333330154419
6.33687493430244,6.15000009536743
6.44497911453247,6.28333330154419
6.18824995464749,6.03333330154419
6.3429166009691,6.15000009536743
6.45543745464749,6.28333330154419
6.79866662131415,6.53333330154419
6.80018741395738,6.5500002055698
6.83739573372735,6.48333309809367
6.90310408062405,6.76666690614488
6.18702774259779,6.03333330154419
6.32718051698473,6.15000009536743
6.45716661453247,6.28333330154419
6.63418046951294,6.48333309809367
6.66586103863186,6.53333330154419
6.73027767817179,6.5500002055698
6.84345822016398,6.69999983257718
6.17749995125665,6.03333330154419
6.31772217008803,6.15000009536743
15.1648499891493,15
15.1783749898275,15
15.323224995931,15
15.425724995931,15
6,09239163504706,6,03333330154419
6,09079996532864,6,03333330154419
6,20446662267049,6,15000009536743
6,08984163284302,6,03333330154419
6,20480830086602,6,15000009536743
6,33899163352119,6,28333330154419
6,53441660775079,6,48333309809367
6,59519161860148,6,53333330154419
6,60494164572822,6,5500002055698
6,75758331510756,6,69999983257718
6,83825829611884,6,76666690614488
6,8732666375902,6,76666690614488
6,9744332906935,6,91666649924384
6,98852495193481,6,91666649924384
7,13305830425686,7,08333350499471
7,13582496007284,7,08333350499471
7,15528330696954,7,09999990039402
7,26526662402683,7,19999983257718
15,0746499972873,15,0200004577637
15,0736583285862,15,0200004577637
15,1242583296034,15,0699996948242
15,174049987793,15,1199998813205
15,2019666544596,15,1499996270074
15,2044333224826,15,1499996270074
15,2090666537815,15,1199998813205
15,2346999952528,15,1499996270074
15,2435916646322,15,1199998813205
15,2462083265516,15,1700000678168
15,253883327908,15,1700000678168
15,2656083340115,15,1800003051758
15,2778166537815,15,1199998813205
15,3014583333333,15,1999998135037
15,3364666748047,15,2799997287326
15,3688916693793,15,2700004577637
15,3816999986437,15,3299999321832
15,0712000020345,15,0200004577637
15,1239250013563,15,0699996948242
15,1729916551378,15,1199998813205
15,1987666659885,15,1499996270074
15,2043999905056,15,1499996270074
15,2069249979655,15,1199998813205
15,2339416673448,15,1499996270074
15,238783331977,15,1199998813205
15,076908331977,15,0200004577637
15,1220666673448,15,0699996948242
15,1716916571723,15,1199998813205
15,2004583231608,15,1499996270074
15,2029749891493,15,1499996270074
15,2061083306207,15,1199998813205
15,2358166673448,15,1499996270074
15,2405249871148,15,1199998813205
15,2510583326552,15,1700000678168
15,2684749857585,15,1800003051758
15,2787416585286,15,1199998813205
15,302766655816,15,1999998135037
15,3243500094944,15,2700004577637
15,3310333251953,15,2799997287326
15,3833999972873,15,3299999321832
15,4723833211263,15,4200000678168
15,5080999755859,15,4200000678168
15,5360333251953,15,4499997965495
15,5545249769423,15,5
15,570425008138,15,4799995252821
15,6061416286892,15,4799995252821
15,62216668023,15,5699997287326
15,6416249593099,15,5799999321832
15,6708749728733,15,6199998643663
15,6746249728733,15,6199998643663
15,7081833224826,15,6300001356337
15,7320833333333,15,6800002712674
15,7440499538845,15,649999593099
15,7796583387587,15,649999593099
15,8051749674479,15,75
15,8130082872179,15,6800002712674
15,8526416693793,15,7799997287326
15,8551249864366,15,8000002034505
15,8708999972873,15,8199997287326
15,90279168023,15,850000406901
15,908391655816,15,8199997287326
15,9404499647352,15,8299999321832
15,9532333034939,15,899999593099
15,9739082845052,15,8699998643663
15,9861583116319,15,9200000678168
15,9886583116319,15,9200000678168
16,0095583089193,15,8699998643663
16,0169582790799,15,9200000678168
16,0318166097005,15,9799995252821
16,0403916422526,15,899999593099
16,0521166314019,15,9200000678168
16,0737416585286,15,9200000678168
16,084216647678,15,9700002712674
16,1004332817925,16,0499992540148
16,116649983724,15,9799995252821
16,1343999565972,16,0499992540148
16,148524983724,16,0200004747179
16,2271832953559,16,1700001356337
16,2299083116319,16,1800002712674
16,2519500054253,16,2000008138021
16,2623499891493,16,1700001356337
16,2873333062066,16,2000008138021
15,1220833333333,15,0699996948242
15,0754166666667,15,0200004577637
15,1223416646322,15,0699996948242
15,1743250020345,15,1199998813205
15,2023583306207,15,1499996270074
15,2068333265516,15,1499996270074
15,2115416632758,15,1199998813205
15,2425,15,1499996270074
15,2477749972873,15,1199998813205
15,2505666605632,15,1700000678168
15,255858323839,15,1700000678168
15,0758916642931,15,0200004577637
15,1208499993218,15,0699996948242
15,1766083272298,15,1199998813205
15,2004083251953,15,1499996270074
15,2043999905056,15,1499996270074
15,2101750013563,15,1199998813205
15,2327749972873,15,1499996270074
15,0746083323161,15,0200004577637
15,1212416670058,15,0699996948242
15,1703333367242,15,1199998813205
15,2023416646322,15,1499996270074
15,2056833224826,15,1499996270074
15,2091916571723,15,1199998813205
15,2382416619195,15,1499996270074
15,2441333346897,15,1199998813205
15,2467333306207,15,1700000678168
15,2738083224826,15,1800003051758
15,2806083340115,15,1199998813205
15,3049166531033,15,1999998135037
15,323516676161,15,2700004577637
15,3350916544596,15,2799997287326
15,38125,15,3299999321832
15,4741083102756,15,4200000678168
15,508058336046,15,4200000678168
15,5440416463216,15,4499997965495
15,5491749742296,15,5
15,5768999565972,15,4799995252821
15,6076666259766,15,4799995252821
15,6256333414714,15,5699997287326
15,6394166395399,15,5799999321832
15,6649416775174,15,1700000678168
15,6719166395399,15,6199998643663
15,6744166395399,15,6199998643663
15,7076083034939,15,6300001356337
15,741608344184,15,649999593099
15,7764583333333,15,649999593099
15,802991672092,15,75
15,8127833387587,15,6800002712674
15,0703833304511,15,0200004577637
15,1220833333333,15,0699996948242
15,169933336046,15,1199998813205
15,2019499884711,15,1199998813205
15,205824991862,15,1499996270074
15,2073499891493,15,1499996270074
15,2342166646322,15,1199998813205
15,2357416619195,15,1499996270074
15,2403083292643,15,1700000678168
15,2691749911838,15,1199998813205
15,270691663954,15,1800003051758
15,306549987793,15,1700000678168
15,324574991862,15,2700004577637
15,3831416490343,15,3299999321832
15,3966999986437,15,2799997287326
15,470991651747,15,4200000678168
15,5034083387587,15,4200000678168
15,5398916625977,15,4499997965495
15,5425916544596,15,1999998135037
15,5575249905056,15,5
15,5756333414714,15,4799995252821
15,6339832899306,15,4799995252821
15,6672583007812,15,5799999321832
15,6689583333333,15,6199998643663
15,7682083468967,15,6199998643663
15,8428666178385,15,649999593099
15,9024083116319,15,6800002712674
15,9027249484592,15,75
15,9036749945747,15,7799997287326
15,9047166612413,15,8000002034505
15,9057832845052,15,649999593099
15,907008327908,15,5699997287326
15,9083333333333,15,8199997287326
15,9100416395399,15,850000406901
15,9115499538845,15,6800002712674
16,009866672092,15,8299999321832
16,011383327908,15,8199997287326
16,0860666232639,15,9200000678168
16,0873499891493,15,9200000678168
16,0888666449653,15,9799995252821
16,1744916449653,16,0499992540148
16,2383166503906,15,9799995252821
16,2635750325521,15,899999593099
16,3971332465278,15,9200000678168
16,3986665852865,15,9200000678168
16,4490333387587,15,8699998643663
16,4556332736545,15,899999593099
16,4571583387587,16,2000008138021
16,6348916286892,16,1700001356337
16,6722832573785,16,3199997287326
16,6773415798611,16,2000008138021
16,8064915635851,16,0499992540148
16,8081165907118,16,1800002712674
16,8656666395399,15,9700002712674
16,9807915581597,15,9200000678168
17,1371666124132,16,3299998643663
17,1766666666667,16,479999593099
17,1940498860677,16,75
17,1955832248264,16,479999593099
17,222899983724,16,399999593099
17,472783203125,16,5699997287326
17,9484000651042,16,7800006781684
18,076608344184,16,479999593099
18,079033203125,16,7800006781684
18,0818665907118,16,350000406901
19,6712581380208,16,729999593099
15,0724249945747,15,0200004577637
15,1216083272298,15,0699996948242
15,2012000020345,15,1499996270074
15,2536249966092,15,1700000678168
15,267766655816,15,1199998813205
15,2690666537815,15,1499996270074
15,2703916592068,15,1499996270074
15,2719249979655,15,1800003051758
15,2813999938965,15,1199998813205
15,3055083211263,15,1999998135037
15,3471333143446,15,1199998813205
15,348650004069,15,2799997287326
15,3833499823676,15,3299999321832
15,4706416490343,15,4200000678168
15,503849995931,15,4200000678168
15,5393166436089,15,4499997965495
15,5508083089193,15,5
15,5729083251953,15,4799995252821
15,6036250135634,15,4799995252821
15,6233166503906,15,5699997287326
15,637233344184,15,5799999321832
15,6607916259766,15,1700000678168
15,6674083116319,15,6199998643663
15,6753500027127,15,6199998643663
15,7047666422526,15,6300001356337
15,7381833224826,15,649999593099
15,7716833496094,15,649999593099
15,7994082980686,15,2700004577637
15,8035999891493,15,75
15,8067749701606,15,6800002712674
15,8497583007813,15,7799997287326
15,8532832845052,15,8000002034505
15,9081582980686,15,850000406901
15,90966668023,15,8199997287326
15,9143499755859,15,8199997287326
15,9446749538845,15,8299999321832
15,984149983724,15,8699998643663
15,9922499593099,15,9200000678168
15,9940666368273,15,899999593099
16,017899983724,15,8699998643663
16,039641655816,15,9799995252821
16,1038416205512,16,0499992540148
16,1386749945747,16,0499992540148
16,2457666015625,16,1800002712674
16,2786082628038,15,9200000678168
16,2967666286892,15,9200000678168
16,3225750054253,15,9200000678168
16,3240999348958,16,2000008138021
16,485625,16,3700008138021
15,0758416663276,15,0200004577637
15,0740166642931,15,0200004577637
15,1266749996609,15,0699996948242
15,199933336046,15,1499996270074
15,2462000020345,15,1700000678168
15,0749083285862,15,0200004577637
15,1218666670058,15,0699996948242
15,173191663954,15,1199998813205
15,2017583211263,15,1499996270074
15,2049416605632,15,1499996270074
15,2078083292643,15,1199998813205
15,235199991862,15,1199998813205
15,2377166578505,15,1700000678168
15,2402249993218,15,1800003051758
15,245199991862,15,1700000678168
15,2744833204481,15,1999998135037
15,3055499945747,15,1199998813205
15,3265083143446,15,2700004577637
15,341741672092,15,2799997287326
15,382866651747,15,3299999321832
15,4672250027127,15,4200000678168
15,5013083224826,15,1499996270074
15,5037249755859,15,4200000678168
15,5361333211263,15,4499997965495
15,5542833116319,15,5
15,570133327908,15,4799995252821
15,6021166314019,15,4799995252821
15,6236583116319,15,5699997287326
15,6362666829427,15,5799999321832
15,6752583143446,15,6199998643663
15,6777499728733,15,6199998643663
15,7106833224826,15,6300001356337
15,7331499565972,15,6800002712674
15,7428416612413,15,649999593099
15,7757416449653,15,649999593099
15,8023916286892,15,75
15,8083333333333,15,6800002712674
15,8517582872179,15,8000002034505
15,8542833116319,15,7799997287326
15,8745166693793,15,8199997287326
15,9010582817925,15,850000406901
15,9102749972873,15,8199997287326
15,9763916693793,15,8299999321832
15,9862249755859,15,9200000678168
15,9887749565972,15,899999593099
15,9910999891493,15,9200000678168
15,9928249782986,15,8699998643663
16,0516999647352,15,9200000678168
16,0538999430339,15,8699998643663
16,0568833414714,15,9200000678168
16,0854999457465,15,899999593099
16,1013999430339,16,0499992540148
16,1434166124132,15,9799995252821
16,1459250217014,15,9200000678168
15,0736833275689,15,0200004577637
15,118816663954,15,0699996948242
15,2017916700575,15,1499996270074
15,2509916687012,15,1700000678168
15,382699991862,15,3299999321832
15,4008999972873,15,1700000678168
15,069291665819,15,0200004577637
15,1226750013563,15,0699996948242
15,2070500013563,15,1499996270074
15,0762333340115,15,0200004577637
15,1225833299425,15,0699996948242
15,0789583333333,15,0200004577637
15,1274249945747,15,0699996948242
15,1715833367242,15,1199998813205
15,2035583326552,15,1499996270074
15,2063999938965,15,1199998813205
15,2089250013563,15,1499996270074
15,2372333272298,15,1199998813205
15,2397250027127,15,1499996270074
15,2541416592068,15,1700000678168
15,0755833350288,15,0200004577637
15,1229416656494,15,0699996948242
15,1722499932183,15,1199998813205
15,197799987793,15,1499996270074
15,2015916612413,15,1499996270074
15,2041916571723,15,1199998813205
15,2335333251953,15,1499996270074
15,238125,15,1199998813205
15,2502166578505,15,1700000678168
15,2537916564941,15,1700000678168
15,2694666544596,15,1800003051758
15,2738249884711,15,1199998813205
15,3030083211263,15,1999998135037
15,3201249864366,15,2700004577637
15,338025004069,15,2799997287326
15,3800750054253,15,3299999321832
15,474808315701,15,4200000678168
15,5076583184136,15,4200000678168
15,5381666395399,15,4499997965495
15,5517583211263,15,5
15,574241672092,15,4799995252821
15,6055750189887,15,4799995252821
15,626875,15,5699997287326
15,638816663954,15,5799999321832
15,6713583034939,15,6199998643663
15,677008327908,15,6199998643663
15,7043166775174,15,6300001356337
15,7361999511719,15,6800002712674
15,7388416205512,15,649999593099
15,7708749728733,15,649999593099
15,8002332899306,15,75
15,8043916151259,15,6800002712674
15,8523832872179,15,7799997287326
15,8549749755859,15,8000002034505
15,8714666748047,15,8199997287326
15,9054332817925,15,850000406901
15,9118916151259,15,8199997287326
15,947074991862,15,8299999321832
15,9540666368273,15,899999593099
15,9835166422526,15,8699998643663
15,9877249484592,15,9200000678168
15,9903500027127,15,9200000678168
16,0164916314019,15,8699998643663
16,0233833143446,15,9200000678168
16,0503249782986,15,899999593099
16,0599582926432,15,9200000678168
16,0696333143446,16,0200004747179
16,103816663954,16,0499992540148
16,1062999810113,15,9700002712674
16,1097833251953,15,9799995252821
16,1262166341146,15,9799995252821
16,1352249484592,16,0499992540148
16,1610666232639,16,0200004747179
16,2356749131944,16,1800002712674
16,2382000054253,16,1700001356337
16,255625,16,2000008138021
16,2581583658854,16,1700001356337
16,2919666883681,16,2000008138021
16,3733249240451,16,3199997287326
16,3759916178385,16,3199997287326
16,4092165798611,16,3299998643663
16,4222832573785,16,3700008138021
16,4560833062066,16,3799991861979
16,4582249620226,16,3299998643663
16,4665582953559,16,4200001356337
16,4781499565972,16,350000406901
16,4908166503906,16,399999593099
16,5346249728733,16,479999593099
16,5371499294705,16,399999593099
16,5489999728733,16,4300002712674
16,5516166178385,16,479999593099
16,5602332899306,16,5
16,5682499186198,16,479999593099
16,5825499131944,16,479999593099
16,5962333170573,16,479999593099
16,6187832302517,16,5
16,6217999945747,16,5699997287326
16,6330582682292,16,5
16,6544916449653,16,5499991861979
16,6570749240451,16,5699997287326
16,6854166666667,16,5699997287326
16,7784499782986,16,7199993218316
16,7891333007812,16,7199993218316
16,8138916015625,16,729999593099
15,0779499986437,15,0200004577637
15,1195999993218,15,0699996948242
15,1722666592068,15,1199998813205
15,204641655816,15,1199998813205
15,2073833211263,15,1499996270074
15,2389083353678,15,1199998813205
15,2416000027127,15,1499996270074
15,2515083312988,15,1700000678168
15,0731000010173,15,0200004577637
15,1222583346897,15,0699996948242
15,1708833312988,15,1199998813205
15,206549987793,15,1199998813205
15,2092416551378,15,1499996270074
15,2120916578505,15,1499996270074
15,2388666619195,15,1199998813205
15,2425166659885,15,1499996270074
15,253358323839,15,1700000678168
15,2729916551378,15,1199998813205
15,275625,15,1800003051758
15,2831416659885,15,1700000678168
15,308816663954,15,1999998135037
15,32845831977,15,2700004577637
15,3366583251953,15,2799997287326
15,380266655816,15,3299999321832
15,4773583306207,15,4200000678168
15,5128500027127,15,4200000678168
15,5449749755859,15,4499997965495
15,5504083251953,15,5
15,5763083224826,15,4799995252821
15,6090499538845,15,4799995252821
15,6238250054253,15,5699997287326
15,6429333496094,15,5799999321832
15,668949991862,15,6199998643663
15,6770250108507,15,6199998643663
15,6978249782986,15,6300001356337
15,7292916531033,15,649999593099
15,73875,15,6800002712674
15,7595916748047,15,649999593099
15,7948750135634,15,6800002712674
15,8056416151259,15,75
15,85658331977,15,8000002034505
15,8591999647352,15,7799997287326
15,8719333224826,15,8199997287326
15,9033666314019,15,850000406901
15,9060166422526,15,8199997287326
15,9418666585286,15,8299999321832
15,9575166151259,15,899999593099
15,9795999484592,15,8699998643663
15,9869666205512,15,9200000678168
15,99375,15,9200000678168
16,013816663954,15,8699998643663
16,0234916178385,15,9200000678168
16,0480832926432,15,899999593099
16,0555749511719,15,9200000678168
16,0801916503906,15,9799995252821
16,0834166124132,15,9200000678168
16,0901249864366,15,9700002712674
16,1020249430339,16,0499992540148
16,1124083116319,16,0200004747179
16,1243249511719,15,9799995252821
16,1388916015625,16,0499992540148
16,1610000271267,16,0200004747179
16,2218916829427,16,1700001356337
16,2305582682292,16,1800002712674
16,2517999945747,16,2000008138021
16,2576166449653,16,1700001356337
16,2873083496094,16,2000008138021
16,3753666178385,16,3199997287326
16,3767666286892,16,3199997287326
16,4142165798611,16,3299998643663
16,4233582899306,16,3700008138021
16,4491749403212,16,3299998643663
16,4588250054253,16,3799991861979
16,4718499077691,16,4200001356337
16,4916749403212,16,399999593099
16,5276500108507,16,479999593099
16,5628750271267,16,479999593099
16,5996999782986,16,5
16,6235999891493,16,5699997287326
16,6504333496094,16,4300002712674
16,6740999348958,16,479999593099
16,7015082465278,16,479999593099
16,7179498969184,16,5
16,7205499945747,16,5
16,7254999457465,16,5699997287326
16,728125,16,399999593099
16,7484666612413,16,600000406901
16,754641655816,16,5499991861979
16,7881749131944,16,729999593099
16,7909250217014,16,6200008138021
16,7935999891493,16,7199993218316
16,8282249620226,16,7199993218316
16,8555499945747,16,7999991861979
16,8720332845052,16,75
16,8746499294705,16,75
16,8772583007813,16,729999593099
16,9063165961372,16,8199997287326
16,9089082845052,16,75
16,9121082899306,16,7800006781684
16,9421249728733,16,7800006781684
16,9626082356771,16,8299998643663
15,1249750010173,15,0699996948242
15,1697499932183,15,1199998813205
15,2017333306207,15,1499996270074
15,2060166592068,15,1499996270074
15,2086916605632,15,1199998813205
15,2367249891493,15,1499996270074
15,2413583204481,15,1199998813205
15,2493916659885,15,1700000678168
15,2735166592068,15,1700000678168
15,2759499952528,15,1199998813205
15,3279083251953,15,2700004577637
15,3321916707357,15,1800003051758
15,3390916612413,15,2799997287326
15,374183315701,15,0200004577637
15,380891655816,15,3299999321832
15,4253833346897,15,1999998135037
15,474241672092,15,4200000678168
15,505791659885,15,4200000678168
15,5410416666667,15,4499997965495
15,555724995931,15,5
15,5764249674479,15,4799995252821
15,6144916449653,15,4799995252821
15,6306416829427,15,5699997287326
15,6529499647352,15,5799999321832
15,6810583496094,15,6199998643663
15,6876500108507,15,6199998643663
15,7194082980686,15,6300001356337
15,7426083034939,15,6800002712674
15,7571999782986,15,649999593099
15,7895999484592,15,649999593099
15,8071999782986,15,75
15,829175008138,15,6800002712674
15,8752583143446,15,8199997287326
15,8777833387587,15,8000002034505
15,90404168023,15,850000406901
15,9114832899306,15,8199997287326
15,9481333414714,15,8299999321832
15,9577916124132,15,899999593099
15,9713666449653,15,7799997287326
15,9854833306207,15,8699998643663
15,9875832790799,15,9200000678168
15,1233333333333,15,0699996948242
15,1733333333333,15,1199998813205
15,201416659885,15,1499996270074
15,2054249911838,15,1199998813205
15,1286916605632,15,0699996948242
15,1737666659885,15,1199998813205
15,2012999979655,15,1499996270074
15,2051750013563,15,1199998813205
15,2077916632758,15,1499996270074
15,2402166578505,15,1199998813205
15,244308336046,15,1700000678168
15,264375,15,1499996270074
15,2771249898275,15,1199998813205
15,3262916734484,15,2700004577637
15,3321999782986,15,2799997287326
15,3381499905056,15,1700000678168
15,3895166693793,15,3299999321832
15,3916249932183,15,1800003051758
15,4297583346897,15,0200004577637
15,1240499962701,15,0699996948242
15,1708833312988,15,1199998813205
15,2023416646322,15,1499996270074
15,2049166700575,15,1199998813205
15,207433336046,15,1499996270074
15,2389916653103,15,1499996270074
15,2415916612413,15,1199998813205
15,25220831977,15,1700000678168
15,2720583258735,15,1199998813205
15,300425008138,15,1800003051758
15,3132833184136,15,1700000678168
15,3239416503906,15,2700004577637
15,3351083374023,15,2799997287326
15,377766655816,15,1999998135037
15,4024749755859,15,0200004577637
15,4747499932183,15,4200000678168
15,508191663954,15,4200000678168
15,5441666666667,15,4499997965495
15,5537999810113,15,3299999321832
15,5781416829427,15,4799995252821
15,5934750027127,15,5
15,1722250027127,15,1199998813205
15,185791659885,15,0699996948242
15,1986416625977,15,1499996270074
15,2036166551378,15,1499996270074
15,2061749945747,15,1199998813205
15,1202833302816,15,0699996948242
15,1746833292643,15,1199998813205
15,1288416629367,15,0699996948242
15,1746833292643,15,1199998813205
15,2052749972873,15,1499996270074
15,2079416571723,15,1499996270074
15,2126083204481,15,1199998813205
15,2344333224826,15,1499996270074
15,2458000013563,15,1199998813205
15,25658331977,15,1700000678168
15,2754249911838,15,1199998813205
15,289574991862,15,1800003051758
15,3261583116319,15,2700004577637
15,3323499891493,15,1700000678168
15,334933336046,15,2799997287326
15,3837083265517,15,3299999321832
15,3908499823676,15,0200004577637
15,450491672092,15,1999998135037
15,4712666490343,15,4200000678168
15,5068333265517,15,4200000678168
15,5419249810113,15,4499997965495
15,5525,15,5
15,577233344184,15,4799995252821
15,614441663954,15,4799995252821
15,63220831977,15,5699997287326
15,6538583034939,15,5799999321832
15,6731666395399,15,6199998643663
15,691091647678,15,6199998643663
15,7053500027127,15,6300001356337
15,7379833306207,15,6800002712674
15,7390333387587,15,649999593099
15,7767083062066,15,649999593099
15,8065582953559,15,75
15,8132499864366,15,6800002712674
15,856649983724,15,7799997287326
15,859308336046,15,8000002034505
15,874016655816,15,8199997287326
15,9116333007813,15,8199997287326
15,9230166286892,15,850000406901
15,0567749998305,15
15,0904583316379,15
15,1044666629367,15
15,164441663954,15
15,187799987793,15
15,2016249932183,15
15,2594583299425,15
15,0783333333333,15
15,0910416666667,15
15,1125,15
15,0673249986437,15
15,0700416649712,15
15,0781416659885,15
15,1014333343506,15
15,1185916646322,15,0699996948242
15,176416659885,15,1199998813205
15,1999916585286,15,1499996270074
15,2043916659885,15,1499996270074
15,2113666619195,15,1199998813205
15,2359833272298,15,1499996270074
15,2441999986437,15,1700000678168
15,2468999905056,15,1199998813205
15,2518999905056,15,1700000678168
15,2604833306207,15,0200004577637
15,281516655816,15,1199998813205
15,3230083211263,15,2700004577637
15,3378500027127,15,2799997287326
15,3837916734484,15,3299999321832
15,479608323839,15,4200000678168
15,5121999782986,15,4200000678168
15,5485833062066,15,4499997965495
15,5577499728733,15,5
15,1266666666667,15,0699996948242
15,174966668023,15,1199998813205
15,2020333353678,15,1499996270074
15,2046583218045,15,1499996270074
15,2113416544596,15,1199998813205
15,2418666585286,15,1700000678168
15,2476833258735,15,1199998813205
15,2504249911838,15,1499996270074
15,2580249871148,15,1700000678168
15,2798416646322,15,1199998813205
15,1714749993218,15,1199998813205
15,173849995931,15,1199998813205
15,2013666619195,15,1499996270074
15,2039749993218,15,1499996270074
15,2066333346897,15,1199998813205
15,211216668023,15,0699996948242
15,236974995931,15,1199998813205
15,2468666585286,15,1800003051758
15,2623333231608,15,1700000678168
15,2704249911838,15,1199998813205
15,2815999857585,15,1999998135037
15,3066916571723,15,1700000678168
15,323424987793,15,2700004577637
15,3373833211263,15,2799997287326
15,1751750013563,15,1199998813205
15,2779666646322,15,1199998813205
15,3109333292643,15,1199998813205
15,3424249945747,15,2799997287326
15,3648166571723,15,1499996270074
15,387466668023,15,2700004577637
15,466383327908,15,1700000678168
15,4722999742296,15,4200000678168
15,5063999769423,15,4200000678168
15,5388249715169,15,4499997965495
15,5635666571723,15,3299999321832
15,5735333251953,15,4799995252821
15,5836666531033,15,1499996270074
15,5999249945747,15,5
15,6100916205512,15,4799995252821
15,6698249647352,15,5799999321832
15,7284999593099,15,1499996270074
15,7350833468967,15,6199998643663
15,7705082872179,15,6300001356337
15,7908582899306,15,6199998643663
15,808258327908,15,649999593099
15,8431749810113,15,649999593099
15,8584332953559,15,75
15,9525,15,8199997287326
15,955133327908,15,899999593099
15,9886499701606,15,9200000678168
16,006024983724,15,0699996948242
16,0216416422526,15,9200000678168
16,055891655816,15,9200000678168
16,0915582953559,15,9700002712674
16,128683336046,15,9799995252821
16,1367999945747,15,6800002712674
16,1454249403212,15,8199997287326
16,1824499511719,16,0200004747179
16,2268583170573,15,850000406901
16,2729999457465,15,9200000678168
15,1740666707357,15,1199998813205
15,2044166564941,15,1499996270074
15,2455499945747,15,1700000678168
15,4225416734484,15,3299999321832
15,6734916178385,15,1199998813205
15,6956083170573,15,2799997287326
15,6982999674479,15,5
15,7319166395399,15,4200000678168
15,7344500054253,15,1800003051758
15,7479833306207,15,4499997965495
15,7586583116319,15,6199998643663
15,7613499620226,15,1199998813205
15,7640749782986,15,1999998135037
15,7799249945747,15,4799995252821
15,7899582926432,15,6300001356337
15,8127583143446,15,4799995252821
15,820066663954,15,649999593099
15,8483999972873,15,4200000678168
15,8545916748047,15,649999593099
15,8810166422526,15,5799999321832
15,9305999755859,15,1499996270074
16,0622833251953,15,6800002712674
16,1721832953559,15,1199998813205
16,3115582953559,15,75
16,3261500379774,15,9200000678168
16,4861665852865,15,899999593099
16,5000916883681,15,9700002712674
16,5665333387587,15,1499996270074
16,5691666666667,16,1700001356337
16,5717666286892,16,3199997287326
16,5735833062066,16,3299998643663
16,5750499131944,16,3299998643663
15,0731000010173,15,0200004577637
15,1243083275689,15,0699996948242
15,1721333312988,15,1199998813205
15,2068583340115,15,1499996270074
15,2094666544596,15,1199998813205
15,1763416544596,15,1199998813205
15,2041083272298,15,1499996270074
15,2067416551378,15,1499996270074
15,2105499945747,15,1199998813205
15,2320999993218,15,0699996948242
15,2348916625977,15,1499996270074
15,2439666578505,15,1199998813205
15,2701583353678,15,1700000678168
15,2782749938965,15,1199998813205
15,2810416666667,15,1800003051758
15,30970831977,15,1700000678168
15,327633327908,15,2700004577637
15,337966647678,15,2799997287326
15,4691999986437,15,3299999321832
15,4734999932183,15,4200000678168
15,1729749891493,15,1199998813205
15,2051833258735,15,1499996270074
15,2078833346897,15,1199998813205
15,229441663954,15,1499996270074
15,2404583231608,15,1700000678168
15,2430499945747,15,1199998813205
15,252799987793,15,1700000678168
15,2618833245171,15,1499996270074
15,1715833367242,15,1199998813205
15,1866666666667,15,0200004577637
15,205824991862,15,1499996270074
15,2084333292643,15,1199998813205
15,2110833231608,15,1499996270074
15,2377749972873,15,1199998813205
15,2404749891493,15,1499996270074
15,260758327908,15,1700000678168
15,2711833190918,15,1199998813205
15,273849995931,15,1800003051758
15,307108323839,15,1999998135037
15,347241651747,15,2799997287326
15,3837999810113,15,3299999321832
15,4147166612413,15,2700004577637
15,1241500006782,15,0200004577637
15,1707500033908,15,1199998813205
15,201974995931,15,1199998813205
15,2045583258735,15,0699996948242
15,2071166653103,15,1499996270074
15,2097166612413,15,1499996270074
15,2347833251953,15,1199998813205
15,242533331977,15,1499996270074
15,2583000013563,15,1700000678168
15,2634333292643,15,1700000678168
15,2680666605632,15,1199998813205
15,275724995931,15,1800003051758
15,3090749782986,15,1999998135037
15,332266676161,15,2799997287326
15,381741672092,15,3299999321832
15,1758999972873,15,1199998813205
15,1999749925401,15,1499996270074
15,2026583353678,15,1499996270074
15,2053249952528,15,0699996948242
15,2154749891493,15,1199998813205
15,2343666585286,15,1499996270074
15,2394499884711,15,1700000678168
15,247108323839,15,1199998813205
15,2658416578505,15,1800003051758
15,080625,15
15,0898083326552,15
11,0486083306207,11
11,0905249955919,11
11,093158331977,11
11,0595083321465,11
11,0621333312988,11
11,1147166612413,11
11,1172583346897,11
11,1190666622586,11,0299997329712
11,063783331977,11
11,0673916668362,11
11,0808916642931,11
11,0899500020345,11,0299997329712
11,0638833321465,11
11,1471833292643,11
11,1478249952528,11,0500001907349
11,150266655816,11
11,0540152782864,11
11,0597958331638,11
11,0626305558946,11
11,079162495931,11
11,0871902720133,11,0299997329712
11,0574097188314,11
11,0616124979655,11
11,0673749966092,11
11,0905125003391,11,0299997329712
11,0955874972873,11
11,1002305518256,11
11,0606986109416,11
11,0754416656494,11
11,0871763865153,11
11,0893458302816,11
11,0963749949137,11
11,1140666622586,11,0500001907349
11,0714250013563,11
11,0567500008477,11
11,0783749983046,11
11,0802749972873,11
11,0879916636149,11
11,0899083285862,11
11,0957416619195,11
11,1004499986437,11
11,1226583268907,11
11,1246749962701,11,0299997329712
11,1383416663276,11
11,1404166666667,11
11,1426750013563,11
11,1625166659885,11,0500001907349
11,1685833231608,11
11,1760833231608,11
11,1779166666667,11,0500001907349
11,1799500020345,11
11,0639083311293,11
11,0653000005086,11
11,0674083328247,11
11,0754000006782,11
11,0808333333333,11
11,0942833285862,11
11,1083916642931,11
11,1104249996609,11
11,112533331977,11,0299997329712
11,1146249983046,11
11,1444916619195,11
11,1465583292643,11
11,1486333380805,11,0299997329712
11,1506166585286,11,0200004577637
11,158324991862,11,0299997329712
11,1591416592068,11,0500001907349
11,1757500033908,11,0299997329712
11,1915916612413,11,1199998813205
11,1974500020345,11,0500001907349
11,2102583312988,11,0699996948242
11,2123166571723,11,0200004577637
11,2139916653103,11
11,2379916551378,11,0299997329712
11,2454999966092,11,1199998813205
11,2712749905056,11,0799999237061
11,2734083218045,11,2200002712674
11,3043583170573,11,1999998135037
11,3229083251953,11,2299995422363
11,3361416625977,11,1199998813205
11,3637083265516,11,2799997287326
11,3873916625977,11,1999998135037
11,4517249891493,11,2700004577637
11,4753249782986,11,0799999237061
11,4774499850803,11,1199998813205
11,5076499769423,11,3000002034505
11,5550916544596,11,4499997965495
11,5921499972873,11,4799995252821
11,6050916205512,11,1999998135037
11,6277499728733,11,5200004747179
11,6394500054253,11,3000002034505
11,651608344184,11
11,6601833089193,11,5699997287326
11,662366672092,11,0299997329712
11,6843916829427,11
11,6917999945747,11,6199998643663
11,7125249565972,11
11,7208749728733,11,3299999321832
11,724641655816,11,6199998643663
11,7327083333333,11,1499996270074
11,735850016276,11,3000002034505
11,7452499728733,11
11,7564416503906,11,6199998643663
11,762233344184,11,1300001186795
11,7727499728733,11,649999593099
11,7881166585286,11,6700000678168
11,8227166748047,11
11,8247833251953,11,4700002712674
11,8268666585286,11,7200002712674
11,8402833387587,11,6999997965495
11,8466999647352,11
11,857766655816,11,75
11,8598583306207,11
11,8701749674479,11,6800002712674
11,8761416286892,11,6999997965495
11,8965083143446,11,75
11,9237583414714,11,850000406901
11,9258333333333,11,6999997965495
11,9538583034939,11,5
11,9559750027127,11,8699998643663
11,9757333034939,11,850000406901
11,9872666422526,11,899999593099
12,0203166368273,11,9499997965495
12,0435333251953,11,6700000678168
12,0530666097005,12
12,0692582872179,11,5
12,0888583034939,12
12,0889666748047,11,0799999237061
12,1063999430339,11,7200002712674
11,0543666670058,11
11,0819916619195,11
11,0846999952528,11
11,0885166676839,11
11,0632916641235,11
11,0698916668362,11
11,0746749962701,11
11,0768166690403,11
11,0820916663276,11
11,0985999976264,11
11,1061499955919,11
11,1143333265517,11
11,117041659885,11,0299997329712
11,1237583329943,11,0299997329712
11,1310333336724,11,0500001907349
11,1311333296034,11
11,1466500006782,11
11,152108323839,11,0200004577637
11,1550749884711,11,0299997329712
11,1574416605632,11
11,0614500003391,11
11,092466668023,11
11,0951833343506,11
11,0822916666667,11
11,0848583306207,11
11,0874249945747,11
11,0928166622586,11
11,1111916605632,11
11,115033331977,11
11,1230333285862,11
11,125591668023,11
11,1304000006782,11,0299997329712
11,1329749976264,11,0200004577637
11,1355749935574,11
11,1390499962701,11,0500001907349
11,1511166551378,11
11,154608323839,11
11,1579999966092,11
11,1755083211263,11,0299997329712
11,178058336046,11,0299997329712
11,1806999884711,11,0299997329712
11,1872416687012,11,0299997329712
11,1898499891493,11
11,1948166571723,11,1199998813205
11,2223416646322,11,0500001907349
11,2249416605632,11,0699996948242
11,240858323839,11,1199998813205
11,261483323839,11,1199998813205
11,290758327908,11,1999998135037
11,2962083265517,11,2200002712674
11,3611666531033,11,1999998135037
11,3905166625977,11,1199998813205
11,4142499796549,11,2299995422363
11,4220833333333,11,2700004577637
11,4288749864366,11,0799999237061
11,4858166503906,11,3000002034505
11,4936083306207,11,3299999321832
11,5078249782986,11,1499996270074
11,5463749864366,11,4499997965495
11,5764999728733,11,0799999237061
11,5833749728733,11,4799995252821
11,6155333116319,11,5200004747179
11,645491672092,11,2799997287326
11,6523916286892,11,5699997287326
11,6824582926432,11
11,68966668023,11,6199998643663
11,6969333224826,11,3000002034505
11,709441663954,11,4700002712674
11,7119833034939,11,0200004577637
11,7220583089193,11
11,7258582899306,11,6199998643663
11,751050008138,11
11,7585833062066,11,6199998643663
11,7630082872179,11
11,7673166232639,11,3000002034505
11,7935333251953,11,6700000678168
11,8011083306207,11
11,804375,11,0299997329712
11,841675008138,11,649999593099
11,8443166775174,11,7200002712674
11,8469916449653,11,7200002712674
11,8496249728733,11
11,8642666286892,11,75
11,8713416205512,11,6999997965495
11,8936583116319,11,75
11,904866672092,11,6999997965495
11,9129332817925,11,6700000678168
11,9238499620226,11,850000406901
11,9706749810113,11,6999997965495
11,9732499864366,11,8699998643663
12,0033166503906,11,899999593099
12,0087082926432,11,850000406901
12,0283666314019,11,1999998135037
12,0423166232639,11,9499997965495
12,0499833170573,11,9200000678168
12,0532916259766,11,0799999237061
12,0769833034939,12
12,0796082899306,11,5799999321832
12,1051916503906,11,5
12,1096249728733,12
12,1227749972873,11,9300002712674
12,1356333414714,11,8000002034505
12,1437833658854,11,5
12,1463332790799,12,0699997287326
12,167141655816,12
12,1769749620226,12,0799999321832
12,2106833224826,12,0799999321832
12,2208333333333,11,9799995252821
12,2428249782986,12,0799999321832
12,2550082736545,12,149999593099
12,2786749945747,12,1199998643663
12,2903332519531,12,1800002712674
12,3158999294705,12,229999593099
12,3335083007813,11,9300002712674
12,3490249294705,12,2200002712674
12,3533832465278,12,25
12,3650916883681,11,75
12,3757000054253,11,9799995252821
12,3840249294705,11,1300001186795
12,3904500325521,12,3000001356337
12,4081083170573,11,9799995252821
12,4234250217014,12,3299998643663
12,4472166612413,11,75
12,4526749674479,12,2799997287326
12,4611583116319,12,3699998643663
12,4868999565972,11,6800002712674
12,4940832519531,12,350000406901
12,5310999891493,12,0699997287326
12,537008327908,12,3800001356337
12,5413165961372,11,75
12,5456416829427,12,3699998643663
12,5500750054253,11,7200002712674
12,5653332519531,12,399999593099
12,5923166232639,12,399999593099
12,5988582356771,11,7200002712674
12,6026249186198,12,5299997287326
12,6146750217014,12,100000406901
12,6377083333333,12,5500001356337
12,655758327908,12,100000406901
12,6583082411024,12,479999593099
12,6677833387587,12,399999593099
12,6713916015625,12,600000406901
12,6992583550347,11,75
12,7057666015625,12,399999593099
12,7083582899306,12,6199998643663
12,713975016276,12,5500001356337
12,7398749457465,12,399999593099
12,7423415798611,12,649999593099
12,7718583170573,12,600000406901
12,7766998969184,12,6700001356337
12,7916333007813,12,5699997287326
12,7994500054253,12,520000406901
12,8098499891493,12,6700001356337
12,8232666015625,12,5699997287326
12,8258416069878,12,6199998643663
12,843483344184,12,6800002712674
12,8632166883681,12,6300001356337
12,8657082790799,12,520000406901
12,8796999782986,12,0799999321832
12,8798833550347,12,6800002712674
12,8983749728733,12,6999998643663
12,9110499403212,12,6800002712674
12,9358665635851,12,75
12,9448582628038,12,75
12,9473916286892,12,8299998643663
12,9619333224826,12,75
12,9906582302517,12,75
12,993258327908,12,6999998643663
12,9958333333333,12,1999998643663
12,998350016276,12,8800001356337
13,0044832356771,12,850000406901
13,0176249186198,12,7799997287326
13,0454999457465,12,75
13,0576665581597,12,8000001356337
13,0671583387587,12,979999593099
13,0766582573785,12,979999593099
13,0950249565972,12,729999593099
13,0975499131944,12,8199997287326
13,1137582736545,12,6199998643663
13,1282499186198,12,6999998643663
13,1509332953559,13
13,1578082953559,12,6700001356337
13,1604082573785,12,979999593099
13,1629832628038,11,75
13,1654583062066,12,899999593099
13,1846332465278,12,899999593099
13,1979082573785,12,9300002712674
13,2298166232639,13,0799998643663
13,2340999348958,12,9700002712674
13,2528332519531,12,9200001356337
13,2654333496094,13,100000406901
13,2679583062066,12,979999593099
13,3005748155382,12,399999593099
13,3090581597222,12,9200001356337
13,3116582573785,12,979999593099
13,3336165364583,13,100000406901
13,3506998697917,12,979999593099
13,3542917209201,12,399999593099
13,3622916666667,12,9300002712674
13,3707332356771,13,1300001356337
13,3890250651042,13
13,4106000434028,13,0699997287326
13,4131583658854,12,399999593099
13,4260999891493,13,0299997287326
13,434733344184,13,2799997287326
13,4490250651042,13,2799997287326
13,4661249457465,13,0799998643663
13,4685500759549,13,0299997287326
13,4983582899306,13,149999593099
13,5048499891493,13,100000406901
13,5078917100694,12,6700001356337
13,5345665147569,13,1700001356337
13,5579166666667,13,3000002712674
13,5721666124132,13,1800002712674
13,5734415690104,12,850000406901
13,5827167426215,13,42
13,593141547309,13,42
13,6078000217014,13,1800002712674
13,6400583224826,13,3000002712674
13,6478664822049,13,229999593099
13,6733249240451,13,1700001356337
13,677424858941,13,3000002712674
13,6847832573785,13,229999593099
13,7142081705729,13,25
13,7241666666667,13,3500002712674
13,7367833116319,13,37
13,7418999565972,13,1300001356337
13,7632416449653,13,3500002712674
11,0766083357069,11
11,0790916612413,11
11,093849995931,11
11,0963749949137,11
11,1016166602241,11,0299997329712
11,1138666619195,11
11,1170750003391,11
11,1226916673448,11,0500001907349
11,1267499966092,11
11,1404499986437,11,0299997329712
11,1429249911838,11
11,147141655816,11,0200004577637
11,0707333331638,11
11,0803083292643,11
11,0700249989827,11
11,0854083336724,11
11,0879833306207,11
11,0905333285862,11
11,0928333282471,11
11,0953249952528,11,0200004577637
11,1196249983046,11
11,1341666666667,11,0299997329712
11,1367416636149,11
11,1393249935574,11
11,1420750003391,11
11,1608333333333,11,0299997329712
11,1633499993218,11
11,1659416707357,11
11,1685583326552,11
11,1763416544596,11,0500001907349
11,1766333346897,11,0299997329712
11,1918166605632,11
11,1964749993218,11
11,2015083312988,11,0299997329712
11,2105416700575,11,1199998813205
11,2260999891493,11,0500001907349
11,2286083306207,11,0200004577637
11,2354249911838,11,0699996948242
11,2486249966092,11,1199998813205
11,2622499932183,11,0299997329712
11,2661583285862,11,1199998813205
11,294966668023,11,2200002712674
11,3275166490343,11,1999998135037
11,3312916734484,11,2299995422363
11,3363250054253,11,0799999237061
11,3670333184136,11,2799997287326
11,4024083116319,11,1999998135037
11,4204999796549,11,3000002034505
11,448491651747,11,1199998813205
11,4531416490343,11,2700004577637
11,5225749715169,11,3000002034505
11,5529083251953,11,1499996270074
11,5634416707357,11,4499997965495
11,5881749810113,11,0799999237061
