11,076908331977,11
11,0813333299425,11
11,0844333309597,11
11,0952833302816,11
11,1029083336724,11
11,1115333302816,11
11,1141166602241,11
11,1195999993218,11
11,1323833296034,11,0299997329712
11,1425583224826,11
11,148158331977,11
11,1507749938965,11,0500001907349
11,1541000027127,11
11,157008327908,11
11,1634416707357,11,0299997329712
11,1660583326552,11,0299997329712
11,1723416646322,11,0500001907349
11,1871499972873,11,0299997329712
11,2080499945747,11,0299997329712
11,219641655816,11,1199998813205
11,2227416653103,11,0699996948242
11,2260166592068,11
11,2564749993218,11,1199998813205
11,2630416531033,11,1199998813205
11,2657749938965,11,0299997329712
11,274049987793,11,0200004577637
11,286875,11,1999998135037
11,302733323839,11,2200002712674
