15,0702166663276,15,0200004577637
15,1248999955919,15,0699996948242
15,1725166659885,15,1199998813205
15,2018583340115,15,1499996270074
15,2067666625977,15,1499996270074
15,209308336046,15,1199998813205
15,2347250027127,15,1499996270074
15,2413249884711,15,1700000678168
15,2437416585286,15,1199998813205
15,252733323839,15,1700000678168
15,2654416571723,15,1800003051758
15,2759083218045,15,1199998813205
15,300758327908,15,1999998135037
15,3216000027127,15,2700004577637
15,3344833374023,15,2799997287326
15,3815583292643,15,3299999321832
15,4756416490343,15,4200000678168
15,5130499945747,15,4200000678168
15,549741651747,15,4499997965495
15,552141655816,15,5
15,5830832926432,15,4799995252821
15,6149416775174,15,4799995252821
15,6241916232639,15,5699997287326
15,650891655816,15,5799999321832
15,6744666205512,15,6199998643663
15,6875916205512,15,6199998643663
15,7066583251953,15,6300001356337
15,7373916286892,15,6800002712674
15,7404583062066,15,649999593099
15,7726249864366,15,6800002712674
15,8019082980686,15,75
15,8507249620226,15,7799997287326
15,8555000135634,15,8000002034505
15,8755249701606,15,8199997287326
15,9008083089193,15,850000406901
15,907766655816,15,8199997287326
15,9427833387587,15,8299999321832
15,9578833007813,15,899999593099
15,9802083333333,15,8699998643663
15,9827749972873,15,9200000678168
15,9892916531033,15,9200000678168
16,0096583387587,15,8699998643663
16,0215916612413,15,9200000678168
16,044933336046,15,899999593099
16,074641655816,15,9200000678168
16,0880166286892,15,9200000678168
16,0904583062066,15,9700002712674
16,2065749782986,16,0499992540148
16,2090416124132,15,9799995252821
16,2110999891493,15,9799995252821
16,2134250217014,16,0499992540148
16,2149249945747,16,0200004747179
16,2247916666667,16,1700001356337
16,2325416395399,16,1800002712674
16,2508582899306,16,2000008138021
16,2602582465278,16,1700001356337
16,280625,16,2000008138021
16,3760332573785,16,3199997287326
16,4111082628038,16,3299998643663
16,4196583387587,16,3700008138021
16,4442583550347,16,3299998643663
16,4526082356771,16,3799991861979
16,4857832845052,16,399999593099
16,4882082790799,16,350000406901
16,5108166503906,16,399999593099
16,5330166286892,16,479999593099
16,5357332356771,16,479999593099
16,5911832682292,16,3199997287326
16,5935999891493,16,479999593099
16,59625,16,5
16,5978499348958,16,479999593099
16,6053499348958,16,4300002712674
16,6079665798611,16,5
16,6222832573785,16,479999593099
16,6257082790799,16,5699997287326
16,6545250108507,16,5
16,6569582790799,16,5499991861979
16,6594582790799,16,5699997287326
16,6783082411024,16,6200008138021
16,6915500217014,16,5699997287326
16,7533249240451,16,600000406901
15,0762666659885,15,0200004577637
15,1233583323161,15,0699996948242
15,1686749945747,15,1199998813205
15,2016833326552,15,1499996270074
15,203949991862,15,1199998813205
15,2071333312988,15,1499996270074
15,2336583285862,15,1199998813205
15,2416666666667,15,1700000678168
15,2441666666667,15,1499996270074
15,2508999972873,15,1700000678168
15,268258327908,15,1199998813205
15,2740749952528,15,1800003051758
15,3073499891493,15,1999998135037
15,3218833414714,15,2700004577637
15,3347583346897,15,2799997287326
15,38125,15,3299999321832
15,4727083333333,15,4200000678168
15,5044583129883,15,4200000678168
15,537141655816,15,4499997965495
15,5529916381836,15,5
15,5749582926432,15,4799995252821
15,60845831977,15,4799995252821
15,622033352322,15,5699997287326
15,6400999620226,15,5799999321832
15,6718916829427,15,6199998643663
15,6745833333333,15,6199998643663
15,7087416585286,15,6300001356337
15,7352416314019,15,6800002712674
15,7421749538845,15,649999593099
15,7778416612413,15,649999593099
15,8066832817925,15,75
15,8122250027127,15,6800002712674
15,850199991862,15,7799997287326
15,852899983724,15,8000002034505
15,8720250108507,15,8199997287326
15,9035833062066,15,8199997287326
15,9060666232639,15,850000406901
15,9349499511719,15,8299999321832
15,951875,15,899999593099
15,9674749755859,15,8699998643663
15,9869500054253,15,9200000678168
16,0039916314019,15,8699998643663
16,0064666748047,15,9200000678168
16,0208333333333,15,9200000678168
16,0361583116319,15,899999593099
16,0549166531033,15,9200000678168
16,0828166368273,15,9799995252821
16,0858833143446,15,9700002712674
16,1004833306207,16,0499992540148
15,073783331977,15,0200004577637
15,1248499976264,15,0699996948242
15,1716999986437,15,1199998813205
15,2057500033908,15,1499996270074
15,2081999884711,15,1199998813205
15,2162916564941,15,1499996270074
15,2394833204481,15,1199998813205
15,2483166673448,15,1700000678168
15,2510749986437,15,1499996270074
15,2748249986437,15,1199998813205
15,2802749972873,15,1800003051758
15,3176249864366,15,1999998135037
15,324800008138,15,2700004577637
15,330625,15,2799997287326
15,3829416571723,15,3299999321832
15,4725083075629,15,4200000678168
15,5094916449653,15,4200000678168
15,5454416571723,15,4499997965495
15,5483833143446,15,5
15,5790582953559,15,4799995252821
15,6123916286892,15,4799995252821
15,6218416341146,15,5699997287326
15,6467666286892,15,5799999321832
15,6504416232639,15,1700000678168
15,6707999674479,15,6199998643663
15,6805916341146,15,6199998643663
15,7050833468967,15,6300001356337
15,7326582845052,15,6800002712674
15,7395583089193,15,649999593099
15,0751750013563,15,0200004577637
15,1310250006782,15,0699996948242
15,1674416605632,15,1199998813205
15,201416659885,15,1199998813205
15,2040583292643,15,1499996270074
15,2065666537815,15,1499996270074
15,231183336046,15,1199998813205
15,2371916537815,15,1499996270074
15,2410583326552,15,1700000678168
15,2569999864366,15,1700000678168
15,260858323839,15,1199998813205
15,2682749938965,15,1800003051758
15,3043500094944,15,1999998135037
15,3229833306207,15,2700004577637
15,3349749755859,15,2799997287326
15,3817916531033,15,3299999321832
15,4754749891493,15,4200000678168
15,5091749742296,15,4200000678168
15,5422583346897,15,4499997965495
15,5658416408963,15,5
15,5756416829427,15,4799995252821
15,6057166205512,15,4799995252821
15,6215916612413,15,5699997287326
15,639866672092,15,5799999321832
15,6721499972873,15,6199998643663
15,675266655816,15,6199998643663
15,70529168023,15,6300001356337
15,732233344184,15,6800002712674
15,7362832980686,15,649999593099
15,773816663954,15,649999593099
15,8058083089193,15,75
15,8102583143446,15,6800002712674
15,174966668023,15,1199998813205
15,1775916544596,15,0699996948242
15,2028749932183,15,1499996270074
15,2054499986437,15,1499996270074
15,2102749972873,15,1199998813205
15,2424500020345,15,1199998813205
15,2453583272298,15,1700000678168
15,249474995931,15,1499996270074
15,2754083251953,15,1199998813205
15,31470831977,15,1700000678168
15,3227166748047,15,2700004577637
15,3346499972873,15,2799997287326
15,3849416436089,15,3299999321832
15,387599995931,15,1800003051758
15,4612083265516,15,1999998135037
15,476058315701,15,4200000678168
15,5092333306207,15,4200000678168
15,542041659885,15,4499997965495
15,5559666612413,15,5
15,5603083292643,15,0200004577637
15,5754499647352,15,4799995252821
15,610466647678,15,4799995252821
15,6298999701606,15,5699997287326
15,6463749864366,15,5799999321832
15,668816663954,15,6199998643663
15,6865083143446,15,6199998643663
15,702766655816,15,6300001356337
15,1242416636149,15,0699996948242
15,170658331977,15,1199998813205
15,2019916619195,15,1499996270074
15,204641655816,15,1199998813205
15,2370249938965,15,1199998813205
15,244508327908,15,1700000678168
15,2505750020345,15,1700000678168
15,2752166578505,15,1199998813205
15,2984166463216,15,0200004577637
15,321808336046,15,2700004577637
15,3322833251953,15,2799997287326
15,3836416625977,15,3299999321832
15,473650004069,15,4200000678168
15,5087583075629,15,4200000678168
15,547533331977,15,4499997965495
15,5581666395399,15,5
15,1225833299425,15,0699996948242
15,1683833312988,15,1199998813205
15,200033331977,15,1499996270074
15,2036666700575,15,1499996270074
15,206216668023,15,1199998813205
15,2391333346897,15,1199998813205
15,2426083204481,15,1499996270074
15,2545833333333,15,1700000678168
15,2725166659885,15,1199998813205
15,3204499986437,15,2700004577637
15,3230499945747,15,1800003051758
15,3321999782986,15,2799997287326
15,3784416707357,15,3299999321832
15,4157166544596,15,1700000678168
15,430433315701,15,1999998135037
15,4709083387587,15,4200000678168
15,5044333224826,15,4200000678168
15,5395999823676,15,4499997965495
15,5542416381836,15,5
15,5785666232639,15,4799995252821
15,6121749538845,15,4799995252821
15,627658352322,15,5699997287326
15,6454416232639,15,5799999321832
15,6723750135634,15,6199998643663
15,6775499810113,15,6199998643663
15,7072666422526,15,6300001356337
15,7322666422526,15,0200004577637
15,7348750135634,15,6800002712674
15,7384332953559,15,649999593099
15,774108344184,15,649999593099
15,8027249484592,15,75
15,8099582926432,15,6800002712674
15,8547666422526,15,8000002034505
15,8745166693793,15,8199997287326
15,9056083170573,15,850000406901
15,9119082980686,15,8199997287326
15,9464416503906,15,8299999321832
15,9571082899306,15,899999593099
15,983324991862,15,8699998643663
15,9862166341146,15,9200000678168
15,995199991862,15,9200000678168
16,0195916748047,15,8699998643663
16,031316663954,15,9200000678168
16,0359166124132,15,9799995252821
16,0591916232639,15,899999593099
16,0661083306207,15,9200000678168
16,0722332763672,16,0200004747179
16,0899249945747,15,9200000678168
16,0980749511719,15,9700002712674
16,1051416693793,16,0499992540148
16,1219833034939,15,7799997287326
16,1364666748047,15,9799995252821
16,1391250271267,16,0499992540148
16,1703499348958,16,0200004747179
16,2300333658854,16,1700001356337
16,2356499565972,16,1800002712674
16,2528000217014,16,2000008138021
16,2679082573785,16,1700001356337
16,2898250325521,16,2000008138021
